10
1,2,3,4,5,6,7,8,9,10
91,92,93,94,95,96,97,98,99,100
41,42,43,44,45,46,47,48,49,50
11,12,13,14,15,16,17,18,19,20
61,62,63,64,65,66,67,68,69,70
21,22,23,24,25,26,27,28,29,30
31,32,33,34,35,36,37,38,39,40
81,82,83,84,85,86,87,88,89,90
51,52,53,54,55,56,57,58,59,60
71,72,73,74,75,76,77,78,79,80
10
227,191,234,67,43,13,48,211,253,243
36,95,229,209,49,230,46,16,190,49
206,130,85,67,104,93,128,243,38,173
234,82,191,153,170,99,124,60,12,31
192,9,24,127,183,241,139,21,244,66
93,200,66,16,189,42,209,113,215,4
182,141,153,64,229,55,115,139,12,187
133,241,35,255,126,39,110,147,24,241
2,202,191,159,223,128,154,109,6,200
173,44,163,196,159,232,135,159,117,175
4
1,1,0,7
1,5,0,6
3,3,4,5
4,77,6,7
4
1,1,0,7
2,2,0,6
3,3,4,5
4,5,6,7
4
1,2,3,4
5,6,7,8
9,10,11,12
13,14,15,16